Q4

X =

    0.4753
    0.1975
    0.2346

Current flowing through resistor Rb=0.0370 amperes
 Powewr supplied by 10V voltage source is 4.75309 wattsQ3

A =

    0.1500   -0.1000   -0.0500
   -0.1000    0.1450   -0.0250
   -0.0500   -0.0250    0.0750


V =

  404.2857
  350.0000
  412.8571


A =

     1     2     3
     4     5     6
     7     8     9


a =

     5     6
     8     9


b =

     1     2     3
     4     5     6


c =

     3     3


d =

     1
     4
     7
     2
     5
     8
     3
     6
     9


e =

     7     8     9


f =

     1
     5
     9

clc