Q5
Z in rectangular form is

Zrect =

   1.9108 + 5.7095i


Zmag =

    6.0208


Zangle =

   71.4966

complex no. Z in polar form(magnitude,phase)

Zpolar =

    6.0208   71.4966

